1.000000
0.454947
0.302387
0.230073
0.188161
0.161892
0.144405
0.132004
0.122638
0.115153
0.108896
0.103482
0.098677
0.094335
0.090356
0.086671
0.083232
0.080001
0.076950
0.074057
0.071306
0.068681
0.066172
0.063770
0.061466
0.059253
0.057128
0.055083
0.053116
0.051222
0.049398
0.047640
0.045947
0.044315
0.042741
0.041224
0.039762
0.038352
0.036992
0.035680
0.034415
0.033195
0.032019
0.030884
0.029789
0.028734
0.027716
0.026733
0.025786
0.024872
0.023991
0.023141
0.022321
0.021530
0.020767
0.020031
0.019322
0.018637
0.017977
0.017340
0.016725
0.016133
0.015561
0.015010
0.014478
0.013965
0.013470
0.012993
0.012533
0.012088
0.011660
0.011247
0.010849
0.010464
0.010093
0.009736
0.009391
0.009058
0.008737
0.008428
0.008129
0.007841
0.007563
0.007295
0.007037
0.006787
0.006547
0.006315
0.006091
0.005875
0.005667
0.005466
0.005273
0.005086
0.004906
0.004732
0.004564
0.004402
0.004246
0.004096
0.003951
0.003811
0.003676
0.003546
0.003420
0.003299
0.003182
0.003069
0.002960
0.002856
0.002754
0.002657
0.002563
0.002472
0.002384
0.002300
0.002218
0.002140
0.002064
0.001991
0.001920
0.001852
0.001787
0.001723
0.001662
0.001603
0.001546
0.001492
0.001439
0.001388
0.001339
0.001291
0.001246
0.001201
0.001159
0.001118
0.001078
0.001040
0.001003
